[array([[[218.68062, 277.33298],
        [224.10913, 301.78384],
        [230.30766, 325.00748],
        [238.45844, 348.5512 ],
        [249.5441 , 370.49246],
        [268.1861 , 387.28104],
        [291.5582 , 399.0036 ],
        [316.62436, 407.14505],
        [336.5969 , 405.8822 ],
        [353.02335, 399.48416],
        [366.70813, 384.90826],
        [379.22983, 370.2092 ],
        [389.85983, 353.3401 ],
        [395.704  , 334.12015],
        [400.7768 , 313.42188],
        [404.03024, 294.29962],
        [406.7035 , 274.04318],
        [247.07953, 258.33102],
        [262.54276, 244.59695],
        [283.25107, 238.45396],
        [305.4658 , 239.69012],
        [324.1535 , 249.20773],
        [356.1884 , 247.90799],
        [369.30362, 239.7694 ],
        [385.12598, 236.7232 ],
        [400.44928, 238.99599],
        [409.48743, 248.73094],
        [339.64825, 267.29376],
        [341.4558 , 284.28506],
        [343.7856 , 300.7397 ],
        [346.05194, 317.57587],
        [320.23688, 327.2056 ],
        [331.46347, 331.12378],
        [342.34808, 333.56998],
        [351.60593, 329.731  ],
        [359.88   , 323.97   ],
        [270.12576, 274.02524],
        [281.66   , 267.69894],
        [294.81696, 266.67627],
        [306.5986 , 273.05228],
        [295.28552, 276.7363 ],
        [281.80222, 278.05814],
        [359.94586, 270.34073],
        [370.77264, 263.3546 ],
        [382.8189 , 263.22766],
        [392.09637, 268.77805],
        [383.12048, 273.18036],
        [371.01776, 272.7898 ],
        [297.81   , 354.85837],
        [316.80353, 350.79166],
        [332.2098 , 347.80957],
        [340.4541 , 348.7963 ],
        [347.4547 , 346.41922],
        [357.00113, 347.32208],
        [366.621  , 349.36728],
        [356.68555, 358.78384],
        [347.18982, 362.843  ],
        [340.10355, 364.71344],
        [332.01105, 365.4573 ],
        [315.85147, 363.6303 ],
        [303.99295, 355.4633 ],
        [331.7765 , 352.97592],
        [340.30396, 353.09668],
        [347.495  , 351.21646],
        [361.0707 , 351.1016 ],
        [347.31174, 354.59854],
        [340.20898, 356.69162],
        [332.01535, 357.31726]]], dtype=float32)]